mean:  0.009999999908044153 0.009999999964348494 0.010000000011643516 0.009999999979713091
variance:  0.0006250936900764902 0.0012480093017439532 0.00273884308627816 0.0035620626340787894
