mean:  0.010000000020586375 0.010000000001439777 0.009999999999744944 0.010000000027613505
variance:  0.0006111634704355733 0.001368814661179767 0.002194861053602984 0.002644994672872565
